A
[[0.01111111 0.00555556 0.         ... 0.         0.         0.        ]
 [0.00555556 0.02222222 0.00555556 ... 0.         0.         0.        ]
 [0.         0.00555556 0.02222222 ... 0.         0.         0.        ]
 ...
 [0.         0.         0.         ... 0.02222222 0.00555556 0.        ]
 [0.         0.         0.         ... 0.00555556 0.02222222 0.00555556]
 [0.         0.         0.         ... 0.         0.00555556 0.01111111]]
B
[[-5.00000000e-01  5.00000000e-01  0.00000000e+00 ...  0.00000000e+00
   0.00000000e+00  0.00000000e+00]
 [-5.00000000e-01  0.00000000e+00  5.00000000e-01 ...  0.00000000e+00
   0.00000000e+00  0.00000000e+00]
 [ 0.00000000e+00 -5.00000000e-01  0.00000000e+00 ...  0.00000000e+00
   0.00000000e+00  0.00000000e+00]
 ...
 [ 0.00000000e+00  0.00000000e+00  0.00000000e+00 ...  1.11022302e-16
   5.00000000e-01  0.00000000e+00]
 [ 0.00000000e+00  0.00000000e+00  0.00000000e+00 ... -5.00000000e-01
  -1.11022302e-16  5.00000000e-01]
 [ 0.00000000e+00  0.00000000e+00  0.00000000e+00 ...  0.00000000e+00
  -5.00000000e-01  5.00000000e-01]]
M
[[ 3.80384758e+01 -4.82308546e+01  1.29234186e+01 ...  1.20245897e-31
  -3.00614743e-32  5.01024572e-33]
 [ 1.39230485e+01  6.46170928e+00 -2.58468371e+01 ... -2.40491795e-31
   6.01229486e-32 -1.00204914e-32]
 [-3.73066959e+00  2.23840175e+01  4.63929853e-01 ...  8.41721281e-31
  -2.10430320e-31  3.50717200e-32]
 ...
 [-3.50717200e-32  2.10430320e-31 -8.41721281e-31 ... -4.63929853e-01
  -2.23840175e+01  3.73066959e+00]
 [ 1.00204914e-32 -6.01229486e-32  2.40491795e-31 ...  2.58468371e+01
  -6.46170928e+00 -1.39230485e+01]
 [-5.01024572e-33  3.00614743e-32 -1.20245897e-31 ... -1.29234186e+01
   4.82308546e+01 -3.80384758e+01]]
