X: -0.5773502691896257, w: 1.0, x: 0.010566243270259358
X: 0.5773502691896257, w: 1.0, x: 0.03943375672974064
b
[0. 0. 0. 0. 0. 0. 0. 0. 0. 0. 0. 0. 0. 0. 0. 0. 0. 0. 0. 0. 0.]
X: -0.5773502691896257, w: 1.0, x: 0.06056624327025937
X: 0.5773502691896257, w: 1.0, x: 0.08943375672974066
b
[0. 0. 0. 0. 0. 0. 0. 0. 0. 0. 0. 0. 0. 0. 0. 0. 0. 0. 0. 0. 0.]
X: -0.5773502691896257, w: 1.0, x: 0.11056624327025935
X: 0.5773502691896257, w: 1.0, x: 0.13943375672974065
b
[0. 0. 0. 0. 0. 0. 0. 0. 0. 0. 0. 0. 0. 0. 0. 0. 0. 0. 0. 0. 0.]
X: -0.5773502691896257, w: 1.0, x: 0.16056624327025937
X: 0.5773502691896257, w: 1.0, x: 0.18943375672974067
b
[0. 0. 0. 0. 0. 0. 0. 0. 0. 0. 0. 0. 0. 0. 0. 0. 0. 0. 0. 0. 0.]
X: -0.5773502691896257, w: 1.0, x: 0.21056624327025936
X: 0.5773502691896257, w: 1.0, x: 0.23943375672974065
b
[0. 0. 0. 0. 0. 0. 0. 0. 0. 0. 0. 0. 0. 0. 0. 0. 0. 0. 0. 0. 0.]
X: -0.5773502691896257, w: 1.0, x: 0.26056624327025935
X: 0.5773502691896257, w: 1.0, x: 0.2894337567297407
b
[0. 0. 0. 0. 0. 0. 0. 0. 0. 0. 0. 0. 0. 0. 0. 0. 0. 0. 0. 0. 0.]
X: -0.5773502691896257, w: 1.0, x: 0.31056624327025945
X: 0.5773502691896257, w: 1.0, x: 0.3394337567297407
b
[0. 0. 0. 0. 0. 0. 0. 0. 0. 0. 0. 0. 0. 0. 0. 0. 0. 0. 0. 0. 0.]
X: -0.5773502691896257, w: 1.0, x: 0.3605662432702594
X: 0.5773502691896257, w: 1.0, x: 0.3894337567297406
b
[0. 0. 0. 0. 0. 0. 0. 0. 0. 0. 0. 0. 0. 0. 0. 0. 0. 0. 0. 0. 0.]
X: -0.5773502691896257, w: 1.0, x: 0.4105662432702594
X: 0.5773502691896257, w: 1.0, x: 0.43943375672974067
b
[0. 0. 0. 0. 0. 0. 0. 0. 0. 0. 0. 0. 0. 0. 0. 0. 0. 0. 0. 0. 0.]
X: -0.5773502691896257, w: 1.0, x: 0.46056624327025936
X: 0.5773502691896257, w: 1.0, x: 0.4894337567297406
b
[0. 0. 0. 0. 0. 0. 0. 0. 0. 0. 0. 0. 0. 0. 0. 0. 0. 0. 0. 0. 0.]
X: -0.5773502691896257, w: 1.0, x: 0.5105662432702593
X: 0.5773502691896257, w: 1.0, x: 0.5394337567297407
b
[0. 0. 0. 0. 0. 0. 0. 0. 0. 0. 0. 0. 0. 0. 0. 0. 0. 0. 0. 0. 0.]
X: -0.5773502691896257, w: 1.0, x: 0.5605662432702594
X: 0.5773502691896257, w: 1.0, x: 0.5894337567297407
b
[0. 0. 0. 0. 0. 0. 0. 0. 0. 0. 0. 0. 0. 0. 0. 0. 0. 0. 0. 0. 0.]
X: -0.5773502691896257, w: 1.0, x: 0.6105662432702593
X: 0.5773502691896257, w: 1.0, x: 0.6394337567297407
b
[0. 0. 0. 0. 0. 0. 0. 0. 0. 0. 0. 0. 0. 0. 0. 0. 0. 0. 0. 0. 0.]
X: -0.5773502691896257, w: 1.0, x: 0.6605662432702594
X: 0.5773502691896257, w: 1.0, x: 0.6894337567297407
b
[0. 0. 0. 0. 0. 0. 0. 0. 0. 0. 0. 0. 0. 0. 0. 0. 0. 0. 0. 0. 0.]
X: -0.5773502691896257, w: 1.0, x: 0.7105662432702594
X: 0.5773502691896257, w: 1.0, x: 0.7394337567297408
b
[0. 0. 0. 0. 0. 0. 0. 0. 0. 0. 0. 0. 0. 0. 0. 0. 0. 0. 0. 0. 0.]
X: -0.5773502691896257, w: 1.0, x: 0.7605662432702593
X: 0.5773502691896257, w: 1.0, x: 0.7894337567297407
b
[0. 0. 0. 0. 0. 0. 0. 0. 0. 0. 0. 0. 0. 0. 0. 0. 0. 0. 0. 0. 0.]
X: -0.5773502691896257, w: 1.0, x: 0.8105662432702594
X: 0.5773502691896257, w: 1.0, x: 0.8394337567297407
b
[0. 0. 0. 0. 0. 0. 0. 0. 0. 0. 0. 0. 0. 0. 0. 0. 0. 0. 0. 0. 0.]
X: -0.5773502691896257, w: 1.0, x: 0.8605662432702593
X: 0.5773502691896257, w: 1.0, x: 0.8894337567297407
b
[0. 0. 0. 0. 0. 0. 0. 0. 0. 0. 0. 0. 0. 0. 0. 0. 0. 0. 0. 0. 0.]
X: -0.5773502691896257, w: 1.0, x: 0.9105662432702594
X: 0.5773502691896257, w: 1.0, x: 0.9394337567297407
b
[0. 0. 0. 0. 0. 0. 0. 0. 0. 0. 0. 0. 0. 0. 0. 0. 0. 0. 0. 0. 0.]
X: -0.5773502691896257, w: 1.0, x: 0.9605662432702594
X: 0.5773502691896257, w: 1.0, x: 0.9894337567297408
b
[0. 0. 0. 0. 0. 0. 0. 0. 0. 0. 0. 0. 0. 0. 0. 0. 0. 0. 0. 0. 0.]
